72,0
69,5
69,4
69,3
69,2
69,1
69,0
68,5
68,4
68,3
68,2
68,1
68,0
67,3
67,2
67,1
67,0
65,6
65,5
65,4
65,3
65,2
65,1
65,0
64,4
64,3
64,2
64,1
64,0
61,6
61,5
61,4
61,3
61,2
61,1
61,0
54,4
54,3
54,2
54,1
54,0
52,8
52,7
52,6
52,5
52,4
52,3
52,2
52,1
52,0
51,5
51,4
51,3
51,2
51,1
51,0
50,6
50,5
50,4
50,3
50,2
50,1
50,0
49,4
49,3
49,2
49,1
49,0
47,6
47,5
47,4
47,3
47,2
47,1
47,0
44,9
44,8
44,7
44,6
44,5
44,4
44,3
44,2
44,1
44,0
41,6
41,5
41,4
41,3
41,2
41,1
41,0
40,4
40,3
40,2
40,1
40,0
39,4
39,3
39,2
39,1
39,0
37,7
37,5
37,4
37,3
37,2
37,1
37,0
36,5
36,4
36,3
36,2
36,1
36,0
35,4
35,3
35,2
35,1
35,0
32,8
32,7
32,6
32,5
32,4
32,3
32,2
32,1
32,0
31,5
31,4
31,3
31,2
31,1
31,0
30,12
30,8
30,5
30,4
30,3
30,2
30,1
30,0
29,5
29,3
29,2
29,1
29,0
28,5
28,4
28,3
28,2
28,1
28,0
27,3
27,2
27,1
27,0
23,6
23,5
23,4
23,3
23,2
23,1
23,0
22,7
22,6
22,5
22,4
22,3
22,2
22,1
22,0
20,7
20,6
20,5
20,3
20,2
20,1
20,0
18,5
18,4
18,3
18,2
18,1
18,0
17,7
17,5
17,4
17,3
17,2
17,1
17,0
9,3
9,2
9,1
9,0
8,3
8,2
8,1
8,0
7,2
7,1
7,0
6,6
6,5
6,4
6,3
6,2
6,1
6,0
5,14
5,13
5,12
5,11
5,9
5,7
5,5
5,2
5,1
5,0
4,2
4,1
4,0
5,6
3,2
3,0
5,3
2,2
2,0
4,3
1,2
1,0
7,3
0,54
0,53
0,9
0,2
0,0
72,1
72,2
72,4
77,0
77,2
77,3
77,5
80,1
80,2
81,0
81,1
81,3
83,1
83,2
85,0
85,1
85,3
87,0
87,2
87,4
88,0
88,2
88,3
88,5
88,7
88,8
89,1
89,2
89,4
89,5
90,1
90,3
90,4
91,1
91,2
91,4
91,6
93,0
93,2
93,3
94,1
94,2
95,0
95,2
95,3
97,0
97,1
97,3
98,0
98,1
98,3
99,0
99,2
99,4
99,5
99,7
99,8
99,10
99,11
99,13
101,0
101,1
101,3
101,4
102,1
102,3
102,4
102,6
102,7
103,0
103,1
103,3
103,5
103,6
104,0
104,1
104,3
105,0
105,1
105,3
105,5
105,6
105,2
104,4
104,2
103,7
103,4
103,2
102,9
102,5
102,2
102,0
101,2
99,14
99,12
99,9
99,6
99,3
99,1
98,2
97,4
97,2
95,4
95,1
94,3
94,0
93,1
91,5
91,3
91,0
90,2
90,0
89,3
89,0
88,6
88,4
88,1
87,3
87,1
85,2
83,3
83,0
81,2
80,3
80,0
77,4
77,1
72,3
1,45
3,44
2,44
1,44
3,43
2,43
1,43
3,42
2,42
1,42
3,41
2,41
1,41
3,40
2,40
1,40
3,39
2,39
1,39
3,38
2,38
1,38
3,37
2,37
1,37
3,36
2,36
1,36
3,35
2,35
1,35
3,34
2,34
1,34
3,33
2,33
1,33
3,32
2,32
1,32
3,31
2,31
1,31
3,30
2,30
1,30
3,29
2,29
1,29
3,28
2,28
1,28
3,27
2,27
1,27
3,26
2,26
1,26
3,25
2,25
1,25
3,24
2,24
1,24
3,23
2,23
1,23
3,22
2,22
1,22
3,21
2,21
1,21
3,20
2,20
1,20
3,19
2,19
1,19
3,18
2,18
1,18
3,17
2,17
1,17
3,16
2,16
1,16
3,15
2,15
1,15
3,14
2,14
1,14
3,13
2,13
1,13
3,12
2,12
1,12
3,11
2,11
1,11
3,10
2,10
1,10
3,9
2,9
1,9
3,8
2,8
1,8
3,7
2,7
1,7
3,6
2,6
1,6
3,5
2,5
1,5
3,4
2,4
1,4
3,3
2,3
1,3
0,6
0,47
0,46
0,49
0,48
0,45
0,12
0,51
0,10
0,8
0,11
0,5
0,7
0,4
0,3
